143,3
143,2
143,1
143,0
33,69
33,68
33,66
33,65
33,64
33,38
33,37
33,36
33,35
33,34
33,33
33,32
33,31
33,30
33,29
33,28
33,27
33,26
33,25
33,24
33,23
33,22
33,21
33,20
33,19
33,18
33,17
33,16
33,15
33,14
33,13
35,7
31,8
0,304
26,4
26,1
26,3
30,4
30,1
30,3
29,4
28,4
29,1
29,3
28,5
28,1
28,3
27,1
27,3
0,302
0,243
0,575
0,574
35,5
33,12
33,11
33,10
33,2
33,0
134,5
134,4
134,3
134,2
134,1
134,0
133,4
133,3
133,2
133,1
133,0
132,3
132,2
132,1
132,0
131,4
131,3
131,2
0,573
0,572
131,1
131,0
34,4
34,1
34,3
31,5
31,1
31,3
0,545
0,388
25,5
35,1
35,3
130,35
25,4
25,1
25,3
24,4
24,1
24,3
14,5
33,9
33,7
33,8
10,82
10,86
10,276
10,85
10,150
10,185
10,159
10,74
11,12
11,16
11,17
11,11
11,22
9,6
9,4
8,6
8,17
8,5
8,11
33,67
33,5
33,4
33,3
33,1
20,3
